1 0.8385375 0.27268333333333333 0.30625 0.225
1 0.5666625 0.9338 0.2986125 0.1324
1 0.328125 0.8680500000000001 0.1507 0.26388333333333336
1 0.2322875 0.7476833333333334 0.121525 0.16203333333333333
1 0.0857625 0.5171333333333333 0.171525 0.19536666666666666
1 0.0632 0.37406666666666666 0.12638749999999999 0.21111666666666667
1 0.17291250000000002 0.3254666666666667 0.16945 0.11573333333333333
1 0.102425 0.9236166666666666 0.1423625 0.15278333333333333
1 0.071525 0.8351833333333334 0.14305 0.14445
1 0.6020875 0.19676666666666667 0.11945 0.2324
1 0.56945 0.4176 0.15695 0.2222166666666667
1 0.325 0.6398166666666666 0.1166625 0.13518333333333332