1 0.2630615234375 0.5951323529411765 0.15380859375 0.078125
1 0.24994140625 0.9011985294117648 0.1617431640625 0.09099264705882353
1 0.662841796875 0.9209558823529411 0.057373046875 0.15808823529411764
1 0.470888671875 0.5179264705882353 0.1348876953125 0.12224264705882353
1 0.4214501953125 0.40349264705882354 0.1239013671875 0.21507352941176472
1 0.38818359375 0.23116176470588234 0.19287109375 0.06341911764705882
1 0.3860498046875 0.17509558823529411 0.1617431640625 0.046875
1 0.8731103515625 0.10018382352941177 0.1348876953125 0.14522058823529413
1 0.7547021484375 0.7068014705882353 0.1605224609375 0.07352941176470588
1 0.6448388671875 0.6479779411764706 0.0726318359375 0.13970588235294118
1 0.7403564453125 0.8170955882352942 0.093994140625 0.051470588235294115
1 0.5828857421875 0.5606617647058824 0.050048828125 0.0974264705882353
1 0.63568359375 0.42325735294117645 0.1483154296875 0.14246323529411764
1 0.362548828125 0.328125 0.05859375 0.08088235294117647
1 0.2899169921875 0.7775735294117647 0.137939453125 0.18198529411764705
1 0.3338623046875 0.5307941176470589 0.074462890625 0.08915441176470588