1 0.21557767507008344 0.3136849894663737 0.1959194261894633 0.22657516793279248
1 0.08518313484558843 0.6150129143975835 0.17036626969117685 0.24788546245663337
1 0.4356657570143815 0.889291059418711 0.12003893113943193 0.11703842730759935
1 0.438665742965603 0.3882698633002105 0.19594793745858183 0.2536421365788046
1 0.4456858177169705 0.23533754102292848 0.22673523799071643 0.3375279980289625
1 0.49300808486156034 0.08006691324042987 0.22826954456259357 0.16013382648085975
1 0.5148602136321299 0.039058239226940426 0.18566418812035562 0.07811647845388085
1 0.9313055347424487 0.3012734077847576 0.08530668819804645 0.19180402319516132
1 0.6101006442056085 0.7894157235327224 0.2009994092234225 0.22879534940641752
1 0.5375227224280151 0.6480310463354705 0.13920082970098582 0.21189876244583702
1 0.5482356556072919 0.8772596263678926 0.11880510195162652 0.11525734209418156
1 0.5209407690375925 0.5141955009544017 0.0957469519499887 0.1462495216980692
1 0.6309741385856769 0.41306138449321733 0.21939069202688433 0.2874827556337423
1 0.42665081324168713 0.11490384884737369 0.09781956425271994 0.1382850161885673
1 0.15721840927969724 0.5188148101378818 0.22621500202276595 0.31778590443443344
1 0.3089456673575341 0.30015523617226375 0.11770549754034373 0.1618782202232056