1 0.5823667403266188 0.23341941935503485 0.13949548610072743 0.283474456645481
1 0.37456340997468957 0.11912265054454958 0.13457741712636068 0.13559774863679044
1 0.20843785361278383 0.6165721847018754 0.14199102552470538 0.1828918004867271
1 0.5605533713212352 0.5743861926590992 0.16218905208221696 0.28564894781189665
1 0.6590442133368407 0.5698291237697334 0.22102383756302083 0.3229479208259753
1 0.7919003289254996 0.6223197886902511 0.15423177960532836 0.34411154705463637
1 0.8322251500272104 0.6516790862493865 0.12510684801996824 0.2851111166192651
1 0.33238271396135344 0.8392735338633966 0.11623458738067854 0.22383749783056986
1 0.405345977890165 0.7488450372595773 0.13916044092039964 0.19696293649058155
1 0.25167499986837394 0.7878172018717268 0.08970795284139266 0.17981498389774853
1 0.4892764558203426 0.7107481248571992 0.09646330520908936 0.13569555480847206
1 0.5661293083694968 0.8532875762663739 0.18432291624065006 0.29342484746725217
1 0.7336647897487922 0.5289651943234949 0.08978283838896864 0.14023569440853412
1 0.4475503425635167 0.19191327268190156 0.20237538653854273 0.268121353730282
1 0.6021128020111807 0.3700369019210529 0.10464368250169458 0.17018974538318063