1 0.7442151459645676 0.46221134755584103 0.2422690611735935 0.45011574993287834
1 0.6141115387848074 0.4199323222989237 0.34685093825934643 0.5216188833900794
1 0.5264768572112575 0.16002403611590105 0.2650379173766481 0.3200480722318021
1 0.7208341212191754 0.09673761919351063 0.31146983287545665 0.19347523838702127
1 0.8765719659537398 0.29359291468799825 0.20956861286991277 0.3595564131009508
0 0.4752255314815157 0.7251183505298116 0.2287626089000589 0.37231858418121583
0 0.19472866474889083 0.8354320504331233 0.2732243222387629 0.29079160724492353
0 0.24937500687472608 0.6894823410972796 0.25963533646723425 0.4174233755585981
0 0.12670169044272606 0.37974989513688784 0.2534033808854521 0.4584489869478068
0 0.2784883261203592 0.2493600042249963 0.2630677152165435 0.45116462689074865
0 0.17446801023964348 0.7972909469964629 0.2787281178227787 0.37604801009222605