1 0.6986475409836066 0.21819526627218935 0.1191188524590164 0.35689349112426033
1 0.6057991803278688 0.3670414201183432 0.2510245901639344 0.31251479289940826
1 0.6301229508196722 0.7382544378698225 0.14856557377049182 0.350414201183432
1 0.8388934426229508 0.7211538461538461 0.18442622950819673 0.4031065088757396
1 0.8542622950819672 0.2593491124260355 0.12038934426229508 0.26349112426035504
0 0.4066393442622951 0.20801775147928994 0.14473360655737705 0.2533431952662722
0 0.1191188524590164 0.2653550295857988 0.16778688524590163 0.34023668639053256
0 0.2337295081967213 0.43038461538461537 0.16905737704918034 0.2801479289940828
0 0.21739754098360656 0.8186982248520711 0.1581762295081967 0.33562130177514793
0 0.3826229508196721 0.7997337278106509 0.1543237704918033 0.3273076923076923
0 0.11622950819672132 0.3203550295857988 0.12743852459016394 0.4539644970414201