1 0.602425 0.47546666666666665 0.190975 0.4527666666666667
1 0.485075 0.8227 0.196525 0.18796666666666667
1 0.8253499999999999 0.4472333333333333 0.15625 0.4555666666666666
1 0.391325 0.2037 0.27847500000000003 0.1148
1 0.152425 0.0986 0.228475 0.1213
1 0.7003499999999999 0.09676666666666667 0.19515000000000002 0.19353333333333333
1 0.347925 0.7416666666666667 0.21805 0.22776666666666667
1 0.85555 0.8537 0.204175 0.2463
1 0.685775 0.7430666666666667 0.2132 0.11573333333333333
1 0.1816 0.5532333333333334 0.09375 0.075
1 0.177775 0.4727 0.11805 0.0824
1 0.183675 0.6514 0.065975 0.09723333333333334
1 0.5257000000000001 0.3213 0.11945 0.2463
1 0.276725 0.0625 0.1368 0.1213