1 0.47386482333343544 0.4740993655576607 0.2631064983588191 0.4770704722574567
1 0.6460389535545792 0.8385279040153009 0.23387976557808957 0.19741121872400516
1 0.23571014087021974 0.44618952937995104 0.229359990413315 0.4803025289443713
1 0.6584157472078042 0.18741542633029803 0.3078818877475995 0.1211390877937624
1 0.8840547827678189 0.07359481852595973 0.2318904344643622 0.1276845694166959
1 0.3199592144695266 0.09011575048032427 0.22939211314957944 0.18023150096064855
1 0.7794073455878491 0.7517447549257814 0.26050061760046217 0.23953199718025572
1 0.260509425491479 0.8712588089524387 0.2496628147150472 0.25691280435139274
1 0.4230604074045708 0.7562493561124404 0.23992485348630593 0.12410669767108823
1 0.9281903076667222 0.5528395602319756 0.11067242251656502 0.08119257878607102
1 0.9210012352009244 0.4688929632224774 0.13528466978345155 0.08836866433956247
1 0.939247270642774 0.6560067554411048 0.08187758536985645 0.10192749501777916
1 0.5327831361950424 0.31263977181907987 0.16065314887480625 0.2597176777305101
1 0.7609076439753342 0.04981325538280169 0.1586573932138262 0.09962651076560337