1 0.5427203275149081 0.759438463470312 0.4771608955909702 0.481123073059376
1 0.2920467970091776 0.4325544584866545 0.26093491062439006 0.3770074661547276
1 0.5098943258518714 0.9315370540789284 0.391623585637082 0.13692589184214313
1 0.8348265129711465 0.6076017410559367 0.2414576708617093 0.45897620544010986
1 0.9495139114492994 0.37814772078786096 0.10097217710140123 0.22174336346915793
1 0.7771789340390832 0.948228595822264 0.165625797834087 0.103542808355472
1 0.4044254235691006 0.2819192923986556 0.30433693568890186 0.4259212338821313
1 0.17682004681616834 0.8125495346040813 0.21991151211980126 0.16889986956224726
1 0.29257857647055346 0.7456615312356626 0.20837233084098133 0.3577388378552631
1 0.6129435889763734 0.14445646528105527 0.11219058981450059 0.17190273992919627
1 0.6772071812920379 0.18740391719176003 0.12475316959790916 0.18805912721881435
1 0.5318206416065608 0.10399198968783184 0.11506985464169313 0.13417940685644805
1 0.6937457677804652 0.7351326629036118 0.26898357895849945 0.2941495151522465