1 0.2616756756756757 0.5756636271529888 0.36117567567567566 0.215531914893617
1 0.16891891891891891 0.39698074974670716 0.2715 0.24316109422492402
1 0.49201351351351347 0.5286930091185411 0.37960810810810813 0.252370820668693
1 0.8513513513513513 0.35645390070921984 0.2850135135135135 0.30947315096251266
1 0.4907837837837838 0.1404660587639311 0.3673243243243243 0.19065856129685918
1 0.2579864864864865 0.03868287740628166 0.515972972972973 0.07736575481256332
1 0.8476621621621622 0.7087639311043565 0.30466216216216213 0.32882472137791285
1 0.4477837837837838 0.7594224924012157 0.3550405405405406 0.21092198581560284
1 0.5669594594594595 0.940273556231003 0.359945945945946 0.1194630192502533
1 0.10195945945945946 0.8998784194528875 0.20393243243243242 0.191580547112462
1 0.05958108108108109 0.6802026342451875 0.11916216216216217 0.2477710233029382