1 0.1684235294117647 0.17113636363636364 0.052011764705882355 0.33493006993006996
1 0.09721176470588234 0.28064685314685317 0.06068235294117647 0.14354895104895105
1 0.2644 0.2640734265734266 0.12012941176470589 0.17666083916083916
1 0.36377647058823526 0.2682167832167832 0.05263529411764706 0.15365384615384617
1 0.4479882352941177 0.21991258741258743 0.06872941176470589 0.24475524475524477
1 0.5303411764705882 0.21024475524475525 0.0724470588235294 0.2640734265734266
1 0.6947411764705882 0.23370629370629373 0.06810588235294118 0.20243006993006993
1 0.7845176470588235 0.1738986013986014 0.09535294117647058 0.3109965034965035
1 0.02631764705882353 0.288006993006993 0.04643529411764706 0.1048951048951049
1 0.0990705882352941 0.558513986013986 0.059447058823529415 0.20243006993006993
1 0.17058823529411765 0.5911888111888113 0.04148235294117647 0.18125874125874128
1 0.2575882352941176 0.547937062937063 0.10278823529411765 0.2383216783216783
1 0.4613058823529412 0.5704895104895105 0.05324705882352941 0.17666083916083916
1 0.5408705882352941 0.5838286713286713 0.06254117647058823 0.17022727272727273
1 0.6244588235294117 0.564965034965035 0.06749411764705882 0.21715034965034963
1 0.7154823529411765 0.5870454545454545 0.053870588235294115 0.16746503496503498
1 0.7993764705882354 0.5327622377622377 0.06687058823529413 0.2870804195804196
1 0.8811176470588236 0.5999300699300699 0.047058823529411764 0.16194055944055943
1 0.9578941176470589 0.5893531468531469 0.049541176470588234 0.16653846153846155
1 0.9386941176470588 0.8405419580419581 0.09535294117647058 0.2309615384615385
1 0.852635294117647 0.8962062937062937 0.049541176470588234 0.13802447552447553
1 0.7820470588235294 0.8902272727272726 0.05077647058823529 0.13893356643356644
1 0.04241176470588235 0.8888461538461538 0.07368235294117648 0.15458041958041957
1 0.031576470588235296 0.6049825174825175 0.0582 0.1462937062937063
1 0.11548235294117647 0.8851748251748252 0.053870588235294115 0.15641608391608391
1 0.17647058823529413 0.8888461538461538 0.042105882352941174 0.1140909090909091