1 0.6273777874994981 0.8658534900553556 0.17499695231301324 0.21098822387997632
1 0.6536014366634263 0.7417496388791817 0.1289662221769293 0.14140272240084203
1 0.709179361508532 0.6398415859645243 0.1967389673541829 0.20175534521164393
1 0.7387340816794468 0.5270778518287588 0.21100358221992493 0.21668152127738338
1 0.7698153449169018 0.2881525120823145 0.1680424661064137 0.18419849329648233
1 0.834029496997953 0.18217095813986037 0.25304546691561375 0.26668841188173154
1 0.3891989136461175 0.8864714210653633 0.13272602168461572 0.11526091036519208
1 0.4392629738277811 0.7902236762563988 0.20872660309534094 0.24642889316738723
1 0.48195741669911873 0.4964395328931356 0.14398279694420868 0.15110053605945167
1 0.4956705161530607 0.3801947199735136 0.14366935333161043 0.16162925182347207
1 0.5319190274679075 0.2688018200663624 0.17666814363237304 0.18823599884939896
1 0.5422385195766923 0.1332303645961161 0.13788424389551474 0.14897379685835252
1 0.6029957660526694 0.07167031156213254 0.2202772463910531 0.14334062312426507
1 0.19339875328623596 0.7757938820195118 0.0906419381489824 0.09337858909807212