1 0.4404026994658653 0.07746080570431028 0.1792907549144233 0.15492161140862057
1 0.507595116912201 0.11722195598863246 0.11824293312919278 0.1815592013915958
1 0.590567309124636 0.16319541208779276 0.17610649614986165 0.27040732122152566
1 0.6516941307193519 0.2376126404825009 0.18994343513306497 0.2916536107460741
1 0.7532483459009829 0.4165308172730256 0.1547221359030928 0.23757214650176894
1 0.8459198934293091 0.45865956930238444 0.2301963485387475 0.35346099845385137
1 0.21850296971502498 0.19141876622117102 0.10440599414598932 0.16031291186704735
1 0.29208369918009336 0.23141549781870419 0.19874875994055807 0.30517397680715036
1 0.4211125467662678 0.45058527668553877 0.12956406502454107 0.19894252918440816
1 0.46862635124579827 0.5391059374619382 0.13333777565632368 0.2047369717820122
1 0.5365596813981068 0.6064714496658007 0.1610116536227306 0.24722955083110917
1 0.5876924217433207 0.713231927411662 0.1257903543927583 0.19314808658680413
1 0.6732364015106154 0.753556707493372 0.19623295285270276 0.30131101507541425
1 0.06921747789158841 0.4274421059693909 0.07547421263565496 0.11588885195208251