1 0.36666784396414154 0.11536717354927985 0.26081942376697764 0.2307343470985597
1 0.7172258205599075 0.7506802459580455 0.15202090526425824 0.2340154893888682
1 0.24603628074048176 0.010347090481984036 0.14242221183061388 0.02069418096396807
1 0.19062266967039637 0.11195961042435934 0.2134131715086249 0.22391922084871868
1 0.819527545007537 0.14153977839698634 0.1724709430988348 0.21300071914172353
1 0.5551745810567601 0.11442205407075393 0.20446845771181069 0.22884410814150785
1 0.8930646163390449 0.5918218513761827 0.18930240440357435 0.18645577656980214
1 0.0593505257489904 0.5933175499876946 0.09477473696464661 0.17350476016447092
1 0.1050114497181436 0.7489834541183477 0.17966740514739724 0.222312812043025
1 0.32345788190357466 0.5393545488334209 0.18560390758104137 0.25246121738333666
1 0.964773396921795 0.33147533795916706 0.07045320615641008 0.27026518974648345