1 0.7305499999999999 0.20323333333333332 0.1963 0.1713
1 0.21018333333333333 0.7004666666666666 0.07593333333333334 0.19721666666666665
1 0.8888833333333334 0.09815 0.10926666666666666 0.0926
1 0.9055500000000001 0.23796666666666666 0.15185 0.20555
1 0.30138333333333334 0.12593333333333334 0.11203333333333333 0.16111666666666666
1 0.5546333333333333 0.16435 0.13888333333333333 0.175
1 0.0963 0.5129666666666666 0.1426 0.12221666666666667
1 0.9175999999999999 0.7398166666666667 0.16481666666666667 0.12036666666666666
1 0.775 0.8541666666666666 0.11851666666666666 0.1676
1 0.6365666666666666 0.6097166666666667 0.11018333333333333 0.20093333333333332
1 0.0537 0.2439833333333333 0.1074 0.2324