0 0.12838709677419355 0.37138814016172506 0.10982078853046595 0.34526954177897573
0 0.3053405017921147 0.34983827493261455 0.1142741935483871 0.42429919137466304
0 0.16468637992831542 0.7309029649595687 0.10134408602150537 0.4393530997304582
0 0.29444444444444445 0.7823045822102426 0.09545698924731183 0.3410377358490566
0 0.4382437275985663 0.7719811320754716 0.09931899641577062 0.33474393530997304
0 0.4687096774193549 0.36915094339622645 0.12439964157706095 0.39467654986522915
0 0.6334229390681003 0.401266846361186 0.1342293906810036 0.45172506738544477
0 0.7796236559139784 0.38129380053908357 0.15579749103942653 0.5231266846361187
0 0.8840053763440859 0.7508625336927224 0.11131720430107528 0.29610512129380057
0 0.7174910394265234 0.7811859838274933 0.11420250896057348 0.3387870619946092
0 0.5721953405017921 0.7701752021563343 0.0774910394265233 0.30241239892183286