0 0.1877532635582053 0.8820239339988146 0.24406286430726054 0.23595213200237072
0 0.351454606446518 0.8024774713256266 0.28893766904299373 0.3950450573487467
0 0.11673093909638038 0.622048175611979 0.23346187819276076 0.49619719156009245
0 0.18955414323543981 0.4730738592770359 0.23695007215089367 0.40338882826115113
0 0.3224345371552928 0.36887439533377253 0.23679834485556633 0.40058770781297187
0 0.49077413836405387 0.7068086282956456 0.2863581516389896 0.480419409436808
0 0.6275425825725295 0.548101642342419 0.3200618425269489 0.5402146004749613
0 0.7656957300801663 0.4501903796727082 0.3709303355784303 0.6271634299487779
0 0.7235036624069681 0.1496275921301572 0.21842018447974415 0.14651467360508597
0 0.5662888914690579 0.20219225318588982 0.2447456371362336 0.29165835105287596
0 0.44362196705573487 0.26464640749544427 0.20262046782384946 0.34908155138982416